339 52 
339 67 
339 86 
341 109 
392 52 
392 66 
392 86 
408 109 
422 53 
422 67 
422 87 
439 109 
452 52 
452 67 
452 87 
482 53 
482 67 
483 87 
512 52 
512 87 
512 67 
542 52 
542 87 
542 67 
572 52 
572 67 
572 87 
602 67 
602 87 
602 53 
632 52 
632 67 
632 87 
662 53 
662 67 
662 87 
692 53 
692 67 
692 87 
722 52 
722 67 
722 87 
752 87 
752 52 
752 67 
782 87 
782 52 
782 67 
812 87 
812 52 
812 67 
842 87 
842 52 
842 67 
872 87 
872 52 
872 67 
902 87 
902 53 
902 67 
932 87 
932 52 
932 67 
962 87 
962 53 
962 67 
992 87 
992 53 
992 67 
1022 87 
1022 53 
1022 67 
1052 87 
1052 53 
1052 67 
1082 87 
1082 53 
1082 67 
1112 87 
1112 53 
1112 67 
1142 87 
1141 52 
1141 67 
1172 87 
1171 52 
1171 67 
1202 87 
1201 53 
1201 67 
1232 87 
1231 52 
1231 67 
1261 87 
1261 52 
1262 67 
1291 87 
1291 53 
1292 67 
1321 87 
1321 53 
1321 66 
1351 87 
1351 52 
1351 66 
1547 87 
1547 53 
1547 67 
1548 108 
2007 87 
2007 52 
2007 66 
2009 108 
337 1406 
336 1425 
419 1406 
419 1425 
514 1406 
514 1425 
557 1406 
557 1425 
1050 1406 
1050 1425 
1093 1406 
1093 1425 
1547 1406 
1547 1425 
336 1453 
419 1453 
515 1453 
557 1453 
1049 1453 
1092 1453 
1547 1453 
112 1504 
137 1506 
211 1504 
237 1504 
310 1504 
336 1504 
409 1504 
435 1504 
509 1504 
534 1504 
608 1504 
634 1504 
707 1505 
733 1504 
807 1504 
832 1504 
906 1504 
931 1504 
1005 1504 
1031 1504 
1108 1504 
1127 1504 
1204 1504 
1229 1504 
1303 1504 
1328 1504 
1402 1504 
1428 1504 
1501 1504 
1527 1504 
1600 1504 
1626 1504 
1700 1505 
1725 1504 
1799 1505 
1825 1504 
1898 1504 
1924 1504 
1998 1504 
2023 1504 
2103 1504 
2128 1506 
