75 61 8
75 76 2
75 94 8
105 61 8
105 76 2
105 94 8
135 61 8
135 76 2
135 94 8
166 62 7
165 76 2
165 94 8
195 61 6
195 76 2
195 94 8
225 62 2
225 75 8
226 95 7
255 61 1
255 75 8
256 95 7
285 61 0
285 75 8
286 95 7
315 61 8
316 76 7
316 95 7
345 61 6
346 76 7
346 95 7
375 62 5
376 76 7
376 95 7
405 62 4
406 76 7
406 95 7
435 62 3
436 76 7
436 95 7
465 62 3
465 76 7
465 95 7
495 62 3
495 75 6
495 95 7
525 61 1
525 76 5
525 95 7
555 61 0
555 76 5
555 95 7
585 61 8
585 76 4
585 95 7
615 61 8
615 76 4
615 95 7
645 76 4
645 62 5
645 95 7
675 62 4
675 76 4
675 95 7
705 62 3
705 76 4
705 95 7
735 62 3
735 76 4
735 95 7
765 62 2
765 76 4
765 95 7
795 62 2
795 76 4
795 95 7
825 61 1
825 76 4
825 95 7
855 62 4
855 76 3
855 95 7
885 62 3
885 76 3
885 95 7
915 62 2
915 76 3
915 95 7
945 62 2
945 76 3
945 95 7
975 62 1
975 76 3
975 95 7
1005 61 0
1005 76 3
1005 95 7
1035 61 0
1035 76 3
1035 95 7
1065 62 9
1065 76 2
1065 95 7
1095 61 8
1095 76 2
1095 95 7
1125 62 7
1125 76 2
1125 95 7
1155 61 6
1155 76 2
1155 95 7
1185 61 8
1185 75 0
1185 94 6
1215 62 4
1215 76 7
1215 95 5
2003 52 0
2003 66 0
2003 86 0
96 1504 8
122 1504 5
208 1504 8
234 1504 0
320 1504 7
345 1504 5
431 1504 7
457 1504 0
543 1504 6
568 1504 5
654 1504 6
679 1504 0
765 1504 5
791 1504 5
876 1504 5
902 1504 0
988 1504 4
1013 1504 5
1211 1504 3
1236 1504 5
1322 1504 3
1348 1504 0
1434 1504 2
1459 1504 5
1545 1504 2
1571 1504 0
1657 1505 1
1682 1504 5
1769 1505 1
1794 1504 0
1880 1504 0
1905 1504 5
1991 1504 0
2017 1504 0
2102 1504 0
2134 1504 5
163 1425 9
163 1453 0
163 1406 7
210 1406 2
210 1425 9
210 1453 1
253 1406 4
253 1425 9
253 1453 0
295 1406 4
296 1425 9
296 1453 0
338 1406 2
339 1425 0
338 1453 1
381 1406 5
381 1425 7
381 1453 2
424 1406 1
424 1425 9
424 1453 1
640 1406 0
640 1425 0
640 1453 1
713 1406 1
713 1425 0
713 1453 1
