181 62 4
181 76 2
181 94 8
211 62 3
211 76 2
211 94 8
241 62 3
241 76 2
241 94 8
271 62 2
271 76 2
271 94 8
301 62 2
301 76 2
301 94 8
331 61 8
331 76 3
332 95 7
362 62 7
361 76 3
362 95 7
392 62 7
391 76 3
392 95 7
421 61 6
421 76 3
422 95 7
451 61 6
451 76 3
452 95 7
481 62 3
481 76 3
482 95 7
511 62 3
511 76 3
511 95 7
541 62 2
541 76 3
541 95 7
571 61 1
571 76 3
571 95 7
601 61 1
601 76 3
601 95 7
631 61 0
631 76 3
631 95 7
661 61 0
661 76 3
661 95 7
691 61 0
691 76 3
691 95 7
721 62 9
721 76 2
721 95 7
751 62 9
751 76 2
751 95 7
781 62 9
781 76 2
781 95 7
811 61 8
811 76 2
811 95 7
841 76 2
841 62 7
841 95 7
871 76 2
871 62 7
871 95 7
901 76 2
901 62 7
901 95 7
931 61 6
931 76 2
931 95 7
961 61 6
961 76 2
961 95 7
991 62 5
991 76 2
991 95 7
1021 62 5
1021 76 2
1021 95 7
1051 62 3
1051 76 2
1051 95 7
1081 62 3
1081 76 2
1081 95 7
1111 62 4
1111 76 9
1111 95 5
1141 62 3
1141 75 6
1141 95 5
2030 52 0
2030 66 0
2030 86 0
62 1504 9
88 1504 0
170 1504 8
196 1504 5
279 1504 8
305 1504 0
388 1504 7
413 1504 5
497 1504 7
522 1504 0
605 1504 6
631 1504 5
714 1504 6
740 1504 0
822 1504 5
848 1504 5
931 1504 5
957 1504 0
1040 1505 4
1065 1504 5
1116 1504 0
1132 1504 4
1152 1504 4
1174 1504 0
1257 1504 3
1283 1504 5
1366 1504 3
1392 1504 0
1474 1504 2
1500 1504 5
1583 1504 2
1609 1504 0
1692 1505 1
1717 1504 5
1801 1505 1
1826 1504 0
1909 1504 0
1935 1504 5
2018 1504 0
2044 1504 0
2126 1504 0
2158 1504 5
239 1406 4
239 1425 9
239 1453 0
416 1406 5
416 1425 9
416 1453 0
459 1453 6
459 1406 5
459 1425 7
736 1406 1
736 1425 0
736 1453 1
804 1406 8
804 1425 9
804 1453 0
