77 53 9
77 66 6
77 87 7
107 53 9
107 66 6
107 87 7
137 53 7
137 66 6
137 87 7
167 53 7
167 66 6
167 87 7
197 53 9
197 67 3
197 87 7
227 52 8
227 67 3
227 87 7
257 53 7
257 67 3
257 87 7
287 52 6
287 67 3
287 87 7
317 53 4
317 67 3
317 87 7
347 53 3
347 67 3
347 87 7
377 53 2
377 67 3
377 87 7
407 53 2
407 67 3
407 87 7
437 53 2
437 67 3
437 87 7
466 52 1
466 67 3
467 87 7
496 52 1
496 67 3
497 87 7
526 52 0
526 67 3
527 87 7
556 52 0
556 67 3
557 87 7
586 53 9
586 67 2
587 87 7
616 53 9
616 67 2
617 87 7
647 53 7
646 67 2
647 87 7
676 52 6
676 67 2
677 87 7
706 53 5
706 67 2
707 87 7
736 53 5
736 67 2
737 87 7
766 53 4
766 67 2
767 87 7
796 53 4
796 66 1
797 87 7
826 53 2
826 66 1
827 87 7
856 52 0
856 66 1
857 87 7
886 53 9
886 66 8
886 87 5
916 53 3
916 66 6
916 87 5
2012 52 0
2012 66 0
2012 86 0
2013 109 1
55 1504 8
81 1504 0
177 1504 7
202 1504 5
298 1504 7
324 1504 0
420 1504 6
445 1504 5
542 1504 6
567 1504 0
663 1504 5
688 1504 5
784 1504 5
810 1504 0
906 1504 4
931 1504 5
1028 1505 4
1053 1504 0
1116 1504 3
1132 1504 6
1149 1504 3
1175 1504 5
1271 1504 3
1297 1504 0
1392 1504 2
1418 1504 5
1514 1504 2
1540 1504 0
1636 1505 1
1661 1504 5
1758 1505 1
1783 1504 0
1879 1504 0
1904 1504 5
2000 1504 0
2026 1504 0
2122 1504 0
2154 1504 5
124 1406 0
124 1425 0
124 1453 1
167 1406 0
166 1425 1
166 1453 1
209 1406 5
209 1425 9
209 1453 2
252 1406 9
252 1425 0
252 1453 2
295 1406 9
295 1425 9
295 1453 0
581 1406 0
581 1425 0
581 1453 1
635 1406 1
635 1425 0
635 1453 1
