158 53 4
158 67 2
158 86 8
188 53 4
188 67 2
188 86 8
218 53 4
218 67 2
218 86 8
248 53 3
248 67 2
248 86 8
278 53 2
278 67 2
278 86 8
308 52 1
308 67 4
308 87 7
338 52 0
338 67 4
338 87 7
368 53 9
368 67 3
368 87 7
398 53 9
398 67 3
398 87 7
428 52 8
428 67 3
428 87 7
458 53 2
458 67 3
458 87 7
488 53 2
488 67 3
488 87 7
518 53 1
518 67 3
518 87 7
548 52 0
548 67 3
548 87 7
578 52 0
578 67 3
578 87 7
608 52 8
608 67 2
608 87 7
638 53 7
638 67 2
638 87 7
668 53 7
668 67 2
668 87 7
698 52 6
698 67 2
698 87 7
728 52 6
728 67 2
728 87 7
758 53 5
758 67 2
758 87 7
788 53 4
788 67 2
788 87 7
817 53 3
817 67 2
818 87 7
847 53 3
847 67 2
848 87 7
877 53 3
877 66 0
878 87 7
907 53 2
907 66 0
908 87 7
937 53 2
937 66 0
938 87 7
967 52 0
967 66 0
968 87 7
997 53 9
997 67 9
997 86 6
1027 52 8
1027 67 9
1027 86 6
1058 53 7
1057 67 9
1057 86 6
1087 52 8
1087 66 8
1087 87 5
1117 52 0
1117 66 6
1117 87 5
2032 52 0
2032 66 0
2032 86 0
63 1504 0
148 1504 8
173 1504 5
258 1504 8
284 1504 0
368 1504 7
394 1504 5
479 1504 7
504 1504 0
589 1504 6
614 1504 5
699 1504 6
724 1504 0
809 1504 5
834 1504 5
919 1504 5
945 1504 0
1029 1504 4
1055 1504 5
1116 1504 0
1136 1504 0
1165 1504 0
1249 1504 3
1275 1504 5
1359 1504 3
1385 1504 0
1470 1504 2
1495 1504 5
1580 1504 2
1606 1504 0
1691 1505 1
1715 1504 5
1801 1505 1
1826 1504 0
1911 1504 0
1936 1504 5
2021 1504 0
2046 1504 0
2131 1504 0
2163 1504 5
213 1406 0
213 1425 0
212 1453 1
401 1406 2
401 1425 1
401 1453 1
444 1406 8
444 1425 0
444 1453 4
487 1406 0
487 1425 0
487 1453 2
738 1406 0
738 1425 0
737 1453 1
799 1406 9
799 1425 9
799 1453 0
