73 62 3
73 76 4
73 94 8
103 61 8
103 76 3
103 94 8
133 76 3
133 94 8
133 62 7
163 76 3
163 94 8
163 62 5
193 76 3
193 94 8
193 62 5
223 62 3
223 76 3
223 94 8
253 62 2
253 76 3
253 94 8
283 62 2
283 76 5
283 95 7
313 61 1
313 76 5
313 95 7
343 61 0
343 76 5
343 95 7
373 61 0
373 76 5
373 95 7
403 62 5
403 76 4
403 95 7
433 62 4
433 76 4
433 95 7
463 62 4
463 76 4
463 95 7
493 62 3
493 76 4
493 95 7
523 62 2
523 76 4
523 95 7
553 62 2
553 76 4
553 95 7
583 61 0
583 76 4
583 95 7
613 61 8
613 76 3
613 95 7
643 62 7
643 76 3
643 95 7
673 62 5
673 76 3
673 95 7
703 61 6
703 76 2
703 95 7
950 62 7
950 76 7
950 95 4
963 118 4
980 62 3
980 76 7
980 95 4
982 118 1
1010 62 1
1010 75 6
1010 95 4
1011 118 1
1030 118 8
1040 61 8
1040 76 5
1040 95 4
1515 76 3
1515 95 2
1515 62 5
1516 118 1
2040 52 0
2040 66 0
2040 86 0
2041 118 1
127 1504 8
153 1504 5
239 1504 8
265 1504 0
351 1504 7
376 1504 5
463 1504 7
488 1504 0
575 1504 6
600 1504 5
687 1504 6
712 1504 0
798 1504 5
824 1504 5
910 1504 5
936 1504 0
1022 1504 4
1047 1504 5
1159 1504 0
1245 1504 3
1271 1504 5
1357 1504 3
1383 1504 0
1469 1504 2
1495 1504 5
1581 1504 2
1607 1504 0
1693 1505 1
1718 1504 5
1805 1505 1
1830 1504 0
1917 1504 0
1942 1504 5
2029 1504 0
2054 1504 0
2140 1504 0
2172 1504 5
143 1425 9
143 1453 0
143 1406 5
186 1406 0
186 1425 9
186 1453 3
355 1406 6
354 1425 1
354 1453 1
397 1406 1
397 1425 0
397 1453 6
974 1406 4
974 1425 0
974 1453 1
1017 1406 0
1017 1425 0
1016 1453 1
1506 1406 7
1506 1425 1
1506 1453 3
