224 62 2
224 76 4
224 94 8
235 118 6
254 95 8
254 62 9
254 75 1
284 95 8
285 62 7
284 75 1
314 95 8
315 62 7
314 75 1
345 95 7
344 61 6
344 75 6
374 62 4
374 75 6
374 95 7
404 62 3
404 75 6
404 95 7
434 95 7
434 62 5
434 76 5
464 62 3
464 95 7
464 76 5
494 61 1
494 95 7
494 76 5
524 61 8
524 76 4
524 95 7
554 61 6
554 76 4
554 95 7
584 61 0
584 76 4
584 95 7
614 62 9
614 76 3
614 95 7
644 76 3
644 95 7
644 62 7
674 76 3
674 95 7
674 62 5
704 62 3
704 76 3
704 95 7
734 61 6
734 76 2
734 95 7
996 95 4
996 61 6
996 76 7
1026 95 4
1026 62 3
1026 76 7
1032 117 4
1056 95 4
1056 75 6
1053 117 7
1056 62 7
1086 95 4
1086 62 4
1086 75 6
1551 95 2
1551 62 3
1551 76 3
1552 117 1
2051 52 0
2051 66 0
2051 91 0
2053 117 1
242 1406 5
242 1425 9
296 1406 8
296 1425 9
373 1406 5
373 1425 1
416 1406 7
416 1425 1
459 1425 9
459 1406 5
502 1406 7
502 1425 0
1020 1406 0
1020 1425 0
1062 1406 5
1062 1425 9
1551 1406 1
1551 1425 2
242 1453 0
296 1453 1
373 1453 1
416 1453 2
459 1453 2
501 1453 4
1019 1453 1
1062 1453 0
1552 1453 3
106 1504 9
131 1504 0
213 1504 8
238 1506 5
320 1504 8
346 1504 0
428 1504 7
453 1506 5
536 1504 7
561 1504 0
643 1504 6
668 1506 5
751 1504 6
776 1504 0
858 1504 5
883 1506 5
965 1504 5
991 1504 0
1073 1505 4
1098 1504 5
1111 1504 5
1122 1504 4
1132 1504 0
1180 1504 4
1206 1504 0
1288 1504 3
1313 1504 5
1395 1504 3
1421 1504 0
1502 1504 2
1528 1504 5
1610 1504 2
1636 1504 0
1743 1504 5
1826 1505 1
1851 1504 0
1933 1504 0
1958 1504 5
2040 1504 0
2066 1504 0
2154 1504 0
2179 1504 5
