206 63 1
206 75 1
206 94 8
244 62 3
244 76 3
244 95 7
274 62 2
274 76 3
274 95 7
304 62 2
304 76 3
304 95 7
334 62 1
334 76 3
334 95 7
364 61 0
364 76 3
364 95 7
394 62 9
394 76 2
394 95 7
424 61 8
424 76 2
424 95 7
454 62 7
454 76 2
454 95 7
484 61 6
484 76 2
484 95 7
514 62 5
514 76 2
514 95 7
544 64 1
544 76 1
544 95 7
574 62 9
574 75 0
574 95 7
700 62 2
700 76 9
700 95 5
766 62 3
766 75 6
766 95 5
1512 62 3
1512 76 3
1512 95 2
2039 52 0
2039 66 0
2039 86 0
105 1504 8
131 1504 5
218 1504 8
244 1504 0
332 1504 7
357 1504 5
445 1504 7
470 1504 0
558 1504 6
583 1504 5
671 1504 6
696 1504 0
784 1504 5
809 1504 5
897 1504 5
922 1504 0
1010 1504 4
1035 1504 5
1149 1504 0
1236 1504 3
1261 1504 5
1349 1504 3
1375 1504 0
1462 1504 2
1488 1504 5
1575 1504 2
1601 1504 0
1689 1505 1
1714 1504 5
1802 1505 1
1827 1504 0
1915 1504 0
1940 1504 5
2028 1504 0
2053 1504 0
2140 1504 0
2172 1504 5
201 1406 4
201 1425 1
201 1453 1
389 1425 2
389 1453 6
389 1406 5
433 1406 3
433 1425 0
432 1453 1
696 1406 0
696 1425 0
696 1453 1
763 1406 0
763 1425 0
762 1453 1
1510 1406 0
1510 1425 0
1510 1453 3
