176 62 2
176 76 4
176 94 8
177 118 1
248 62 4
248 75 0
248 94 8
256 118 1
273 118 1
278 62 1
278 75 0
278 94 8
308 62 7
308 75 6
308 95 7
338 62 5
338 75 6
338 95 7
343 118 7
368 62 9
368 76 4
368 95 7
398 61 8
398 76 4
398 95 7
428 62 7
428 76 4
428 95 7
458 61 6
458 76 4
458 95 7
488 62 5
488 76 4
488 95 7
518 62 4
518 76 4
518 95 7
547 62 2
547 76 4
548 95 7
577 61 0
577 76 4
578 95 7
607 61 8
607 76 3
608 95 7
638 62 7
637 76 3
638 95 7
667 62 4
667 76 3
668 95 7
697 62 3
697 76 3
698 95 7
727 62 2
727 76 3
728 95 7
757 61 6
757 76 2
758 95 7
962 62 4
962 76 7
962 95 4
977 118 4
992 62 1
992 76 7
992 95 4
996 118 3
1022 62 3
1022 75 6
1022 95 4
1020 118 4
1039 118 9
1052 62 9
1052 76 5
1052 95 4
1525 62 3
1525 76 3
1525 95 2
1526 118 2
2041 52 0
2041 66 0
2041 86 0
2043 118 2
61 1504 0
146 1504 8
171 1504 5
257 1504 8
282 1504 0
368 1504 7
393 1504 5
479 1504 7
504 1504 0
589 1504 6
615 1504 5
700 1504 6
726 1504 0
811 1504 5
836 1504 5
922 1504 5
947 1504 0
1036 1504 4
1058 1504 5
1116 1504 4
1138 1504 4
1169 1504 0
1254 1504 3
1279 1504 5
1365 1504 3
1391 1504 0
1476 1504 2
1501 1504 5
1586 1504 2
1612 1504 0
1698 1505 1
1723 1504 5
1809 1505 1
1834 1504 0
1919 1504 0
1944 1504 5
2030 1504 0
2056 1504 0
2141 1504 0
2172 1504 5
175 1406 8
175 1425 9
175 1453 0
286 1406 9
286 1425 8
286 1453 1
329 1406 9
329 1425 9
329 1453 1
372 1406 8
372 1425 9
372 1453 6
983 1406 6
983 1425 0
982 1453 1
1025 1406 0
1025 1425 0
1025 1453 1
1533 1406 9
1532 1425 2
1533 1453 3
