1009 62 9
1009 75 1
1010 95 7
1040 62 7
1039 75 1
1040 95 7
1070 62 7
1069 75 1
1070 95 7
1099 61 6
1099 75 1
1100 95 7
1129 62 5
1130 76 7
1129 95 4
1159 61 1
1160 76 7
1159 95 4
1189 68 4
1189 95 4
1219 68 0
1219 95 4
1535 62 3
1535 79 3
1535 95 2
2067 59 0
2067 90 0
50 62 2
50 76 4
50 94 8
80 62 2
81 78 2
80 94 8
110 61 1
111 78 2
110 94 8
140 61 0
141 78 2
140 94 8
170 62 9
170 75 1
170 94 8
200 62 9
200 75 1
200 94 8
230 62 9
230 75 1
230 94 8
260 61 8
260 75 1
260 94 8
290 75 1
290 94 8
290 62 7
320 75 1
320 94 8
320 62 7
350 62 9
350 76 4
350 95 7
380 61 8
380 76 4
380 95 7
410 76 4
410 62 7
410 95 7
440 69 4
440 95 7
470 69 4
470 95 7
500 76 4
500 62 5
500 95 7
530 62 3
530 76 4
530 95 7
560 62 3
560 76 4
560 95 7
590 62 1
590 76 4
590 95 7
620 69 4
620 95 7
650 69 4
650 95 7
680 62 9
680 79 3
680 95 7
710 61 8
710 79 3
710 95 7
740 62 7
740 79 3
740 95 7
770 62 5
770 79 3
770 95 7
800 62 5
800 79 3
800 95 7
830 62 4
830 79 3
830 95 7
860 62 3
860 79 3
860 95 7
890 61 6
890 78 2
890 95 7
920 62 2
920 78 2
920 95 7
950 62 1
950 78 2
950 95 7
980 62 1
980 78 2
980 95 7
1536 118 1 
2068 118 1
147 1406 2
147 1425 9
147 1453 0
198 1425 8
198 1453 1
198 1406 5
373 1406 8
373 1425 5
373 1453 6
429 1406 9
429 1425 8
429 1453 1
1018 1406 5
1018 1425 9
1018 1453 1
1538 1406 0
1538 1425 0
1538 1453 3
119 1504 8
144 1504 5
232 1504 8
258 1504 0
347 1504 7
372 1504 5
461 1504 7
486 1504 0
575 1504 6
600 1504 5
688 1505 6
714 1504 0
802 1504 5
827 1506 5
916 1504 5
942 1504 0
1030 1505 4
1055 1506 5
1111 1504 5
1122 1504 4
1132 1504 8
1144 1505 4
1170 1504 0
1258 1504 3
1283 1504 5
1371 1504 3
1397 1504 0
1485 1504 2
1511 1504 5
1599 1504 2
1625 1504 0
1739 1504 5
1828 1505 1
1853 1504 0
1941 1504 0
1967 1504 5
2055 1504 0
2081 1504 0
2176 1504 0
2201 1504 5
