339 52 1
339 67 4
339 86 8
341 109 1
392 52 1
392 66 0
392 86 8
408 109 8
422 53 9
422 67 9
422 87 7
439 109 7
452 52 8
452 67 9
452 87 7
482 53 2
482 67 5
482 87 7
512 52 0
512 67 5
512 87 7
542 52 0
542 67 5
542 87 7
572 52 8
572 67 4
572 87 7
602 67 4
602 53 7
602 87 7
632 52 6
632 67 4
632 87 7
662 53 4
662 67 4
662 87 7
692 53 2
692 67 4
692 87 7
722 52 1
722 67 4
722 87 7
752 52 0
752 67 4
752 87 7
782 52 0
782 67 4
782 87 7
812 52 0
812 67 4
812 87 7
842 52 8
842 67 3
842 87 7
872 52 8
872 67 3
872 87 7
902 53 7
902 67 3
902 87 7
932 52 6
932 67 3
932 87 7
962 53 5
962 67 3
962 87 7
992 53 3
992 67 3
992 87 7
1022 53 3
1022 67 3
1022 87 7
1052 53 2
1052 67 3
1052 87 7
1082 53 2
1082 67 3
1082 87 7
1112 53 1
1112 67 3
1112 87 7
1141 52 1
1141 67 3
1142 87 7
1171 52 0
1171 67 3
1172 87 7
1201 53 9
1201 67 2
1202 87 7
1231 52 6
1231 67 2
1232 87 7
1261 52 8
1262 67 7
1261 87 4
1291 53 5
1292 67 7
1291 87 4
1321 53 9
1321 66 6
1321 87 4
1351 52 6
1351 66 6
1351 87 4
1547 53 3
1547 67 3
1547 87 2
1548 109 1
2007 52 1
2007 66 0
2007 86 0
112 1504 9
137 1504 5
211 1504 9
237 1504 0
310 1504 8
336 1504 5
409 1504 8
435 1504 0
509 1504 7
534 1504 5
608 1504 7
634 1504 0
707 1504 6
733 1504 5
807 1504 6
832 1504 0
906 1504 5
931 1504 5
1005 1504 5
1031 1504 0
1207 1504 4
1229 1504 0
1303 1504 3
1328 1504 5
1402 1504 3
1428 1504 0
1501 1504 2
1527 1504 5
1600 1504 2
1626 1504 0
1700 1505 1
1725 1504 5
1799 1505 1
1825 1504 0
1898 1504 0
1924 1504 5
1998 1504 0
2023 1504 0
2096 1504 0
2128 1504 5
337 1406 0
336 1425 1
336 1453 1
419 1406 2
419 1425 1
419 1453 1
514 1406 4
514 1425 1
515 1453 6
557 1406 4
557 1425 1
557 1453 4
1050 1406 0
1050 1425 0
1049 1453 1
1093 1406 0
1093 1425 0
1092 1453 1
1547 1406 3
1547 1425 3
1547 1453 3
