153 61 1
153 76 4
153 94 8
155 118 1
216 61 8
216 75 0
216 94 8
224 118 8
241 118 6
246 61 6
246 75 0
246 94 8
276 61 8
276 76 4
276 95 7
306 61 8
306 76 4
306 95 7
336 62 7
336 76 4
336 95 7
366 61 6
366 76 4
366 95 7
396 61 6
396 76 4
396 95 7
425 62 5
425 76 4
426 95 7
455 62 5
455 76 4
456 95 7
485 61 0
485 76 4
486 95 7
515 61 8
515 76 3
516 95 7
545 61 6
545 76 3
546 95 7
575 62 4
575 76 3
576 95 7
605 62 4
605 76 3
606 95 7
635 62 3
635 76 3
636 95 7
665 62 2
665 76 3
666 95 7
695 61 1
695 76 3
696 95 7
725 61 6
725 76 2
726 95 7
939 61 6
939 76 7
939 95 4
969 62 3
969 76 7
969 95 4
974 118 4
999 62 7
999 75 6
999 95 4
996 118 3
1029 62 3
1029 75 6
1029 95 4
1485 62 5
1485 76 4
1485 95 2
1487 118 2
1515 62 3
1515 76 3
1515 95 2
1516 118 2
2034 52 0
2034 66 0
2034 86 0
2036 118 0
122 1504 8
148 1504 5
234 1504 8
260 1504 0
346 1504 7
371 1504 5
458 1504 7
483 1504 0
570 1504 6
595 1504 5
682 1504 6
707 1504 0
793 1504 5
818 1504 5
905 1504 5
931 1504 0
1017 1504 4
1042 1504 5
1154 1504 0
1240 1504 3
1266 1504 5
1352 1504 3
1378 1504 0
1464 1504 2
1489 1504 5
1575 1504 2
1601 1504 0
1688 1505 1
1713 1504 5
1800 1505 1
1825 1504 0
1911 1504 0
1936 1504 5
2023 1504 0
2048 1504 0
2134 1504 0
2166 1504 5
154 1406 5
154 1425 9
154 1453 0
232 1406 6
232 1425 9
232 1453 1
352 1406 2
353 1425 0
353 1453 3
395 1406 6
395 1425 9
395 1453 5
963 1406 0
963 1425 0
962 1453 1
1005 1406 0
1005 1425 0
1005 1453 1
1480 1406 8
1480 1425 1
1480 1453 3
1523 1406 9
1523 1425 2
1523 1453 3
