258 53 4
288 53 2
329 53 7
329 67 4
359 53 5
359 67 4
389 60 4
419 52 8
448 52 6
478 53 4
508 53 2
538 52 0
568 52 6
569 69 2
598 52 1
598 66 0
628 53 9
628 67 9
973 53 5
973 67 7
1003 53 2
1003 67 7
1033 53 5
1033 66 6
1063 53 2
1063 66 6
1187 53 9
1187 66 8
1519 53 2
2011 53 1
2011 66 0
1187 87 3
1519 70 3
1519 87 2
2011 86 0
228 52 1
228 67 4
228 86 8
230 109 1
258 66 1
258 86 8
288 66 1
288 86 8
329 87 7
359 87 7
389 87 7
419 70 3
419 87 7
449 70 3
449 87 7
479 70 3
479 87 7
509 70 3
509 87 7
539 70 3
539 87 7
569 87 7
599 87 7
628 86 6
973 87 4
1003 87 4
1008 109 4
1033 87 4
1030 109 4
1063 87 4
1188 109 1
1521 109 1
2012 109 1
228 1406 3
228 1425 0
228 1453 1
289 1406 7
289 1425 8
288 1453 1
434 1406 1
435 1425 9
434 1453 2
477 1406 2
477 1425 9
477 1453 3
520 1406 9
520 1425 9
520 1453 1
998 1406 0
998 1425 0
998 1453 1
1041 1406 9
1041 1425 9
1041 1453 0
1181 1406 3
1181 1425 9
1181 1453 2
1518 1406 4
1518 1425 8
1518 1453 2
91 1504 9
117 1504 0
197 1504 8
222 1506 5
303 1504 8
329 1504 0
409 1504 7
435 1504 5
516 1504 7
541 1504 0
622 1504 6
647 1504 5
728 1504 6
753 1504 0
833 1506 5
859 1504 5
940 1504 5
965 1504 0
1046 1504 4
1071 1504 5
1111 1504 5
1122 1504 5
1132 1504 2
1152 1504 4
1178 1504 0
1258 1504 3
1283 1506 5
1364 1504 3
1390 1504 0
1470 1504 2
1496 1504 5
1576 1504 2
1602 1504 0
1708 1504 5
1814 1504 0
1895 1504 0
1920 1504 5
2001 1504 0
2026 1504 0
2113 1504 0
2138 1506 5
