211 52 0
211 66 6
211 86 8
241 53 9
241 86 8
241 67 5
300 53 9
300 66 1
300 86 8
331 53 7
330 66 1
330 86 8
360 52 8
360 66 6
361 87 7
390 52 8
390 66 6
391 87 7
420 52 6
420 66 6
420 87 7
450 52 6
450 66 6
450 87 7
480 53 4
480 66 6
480 87 7
510 53 2
510 66 6
510 87 7
540 53 4
540 67 5
540 87 7
570 53 2
570 67 5
570 87 7
600 52 0
600 67 5
600 87 7
630 53 9
630 67 4
630 87 7
660 53 9
660 67 4
660 87 7
690 52 8
690 67 4
690 87 7
720 67 4
720 53 7
720 87 7
750 52 6
750 67 4
750 87 7
780 52 0
780 67 4
780 87 7
810 53 9
810 67 3
810 87 7
840 53 7
840 67 3
840 87 7
870 53 4
870 67 3
870 87 7
900 53 2
900 67 3
900 87 7
930 53 1
930 67 3
930 87 7
960 53 5
960 67 2
960 87 7
990 53 4
990 67 2
990 87 7
1020 53 3
1020 67 2
1020 87 7
1050 53 3
1050 67 2
1050 87 7
1080 53 1
1080 67 2
1080 87 7
1110 52 8
1110 67 7
1110 87 4
1140 53 5
1140 67 7
1140 87 4
1170 53 9
1170 66 6
1170 87 4
1200 52 6
1200 66 6
1200 87 4
2069 52 0
2069 66 0
2069 86 0
127 1504 9
153 1504 0
234 1504 8
260 1504 5
342 1504 8
367 1504 0
449 1504 7
474 1504 5
556 1504 7
582 1504 0
664 1504 6
689 1504 5
771 1504 6
796 1504 0
878 1504 5
903 1504 5
985 1504 5
1011 1504 0
1092 1504 4
1116 1504 0
1132 1504 8
1203 1504 4
1225 1504 0
1306 1504 3
1332 1504 5
1414 1504 3
1440 1504 0
1521 1504 2
1546 1504 5
1628 1504 2
1654 1504 0
1736 1505 1
1761 1504 5
1843 1505 1
1868 1504 0
1950 1504 0
1975 1504 5
2057 1504 0
2083 1504 0
2164 1504 0
2196 1504 5
231 1406 3
231 1425 0
230 1453 1
310 1406 2
310 1425 1
310 1453 2
407 1425 1
407 1453 2
407 1406 7
450 1406 5
449 1425 1
450 1453 5
492 1406 2
492 1425 1
492 1453 3
535 1425 2
535 1453 1
535 1406 5
1035 1406 8
1035 1425 9
1035 1453 0
1078 1406 0
1078 1425 0
1078 1453 1
