112 62 3
112 76 2
112 94 8
142 62 3
142 76 2
142 94 8
172 62 2
172 76 2
172 94 8
202 62 2
202 76 2
202 94 8
232 61 1
232 76 2
232 94 8
262 61 8
262 76 5
262 95 7
292 61 6
292 76 5
292 95 7
322 62 4
322 76 4
322 95 7
352 62 3
352 76 4
352 95 7
382 62 2
382 76 4
382 95 7
412 62 2
412 76 4
412 95 7
442 62 2
442 76 4
442 95 7
472 61 8
472 76 3
472 95 7
502 61 6
502 76 3
502 95 7
532 62 5
532 76 3
532 95 7
562 62 4
562 76 3
562 95 7
592 62 3
592 76 3
592 95 7
622 62 2
622 76 3
622 95 7
651 62 2
651 76 3
652 95 7
681 61 1
681 76 3
682 95 7
711 61 0
711 76 3
712 95 7
741 61 0
741 76 3
742 95 7
771 61 8
771 76 2
772 95 7
801 61 8
801 76 2
802 95 7
831 61 8
831 76 9
831 95 5
861 61 1
862 76 7
861 95 5
2038 52 0
2038 66 0
2038 86 0
2039 118 1
98 1504 8
123 1504 5
211 1504 8
237 1504 0
325 1504 7
350 1504 5
438 1504 7
464 1504 0
552 1504 6
577 1504 5
665 1504 6
691 1504 0
778 1504 5
804 1504 5
892 1504 5
917 1504 0
1005 1504 4
1031 1504 5
1116 1504 0
1132 1505 2
1144 1504 0
1232 1504 3
1257 1504 5
1345 1504 3
1371 1504 0
1459 1504 2
1484 1504 5
1572 1504 2
1598 1504 0
1686 1505 1
1711 1504 5
1800 1505 1
1825 1504 0
1913 1504 0
1938 1504 5
2026 1504 0
2052 1504 0
2139 1504 0
2171 1504 5
184 1406 3
184 1425 9
184 1453 0
285 1406 0
285 1425 9
284 1453 1
327 1406 2
327 1425 9
327 1453 0
370 1425 8
370 1453 1
370 1406 7
413 1406 0
413 1425 9
412 1453 1
678 1406 0
678 1425 0
678 1453 1
734 1406 9
734 1425 9
734 1453 0
