166 62 3
166 76 4
166 94 8
174 118 8
196 61 0
196 76 3
196 94 8
203 118 8
220 118 8
226 61 8
226 76 2
226 94 8
305 61 0
305 75 8
305 95 7
313 118 7
330 118 7
335 61 8
335 76 7
335 95 7
365 61 0
365 76 5
365 95 7
395 61 0
395 76 5
395 95 7
425 61 8
425 76 4
425 95 7
455 61 8
455 76 4
455 95 7
485 61 6
485 76 4
485 95 7
515 61 6
515 76 4
515 95 7
545 62 4
545 76 4
545 95 7
575 62 4
575 76 4
575 95 7
605 62 2
605 76 4
605 95 7
635 62 1
635 76 4
635 95 7
665 61 0
665 76 4
665 95 7
695 61 8
695 76 3
695 95 7
725 62 7
725 76 3
725 95 7
755 61 6
755 76 3
755 95 7
785 61 6
785 76 3
785 95 7
815 62 4
815 76 3
815 95 7
845 61 6
845 76 2
845 95 7
963 95 4
963 62 7
963 76 7
978 118 7
993 62 4
993 95 4
993 76 7
996 118 7
1023 62 4
1023 75 6
1023 95 4
1022 118 4
1041 118 4
1053 61 0
1053 75 6
1053 95 4
1528 62 4
1528 76 3
1528 95 2
1529 118 1
2047 52 0
2047 66 0
2047 86 0
41 1504 9
67 1504 0
152 1504 8
177 1504 5
262 1504 8
288 1504 0
373 1504 7
399 1504 5
484 1504 7
510 1504 0
595 1504 6
620 1504 5
706 1504 6
731 1504 0
816 1504 5
842 1504 5
927 1504 5
953 1504 0
1038 1504 4
1064 1504 5
1116 1504 5
1132 1504 4
1149 1504 4
1175 1504 0
1260 1504 3
1285 1504 5
1371 1504 3
1396 1504 0
1481 1504 2
1507 1504 5
1592 1504 2
1618 1504 0
1704 1505 1
1729 1504 5
1815 1505 1
1840 1504 0
1925 1504 0
1950 1504 5
2036 1504 0
2061 1504 0
2146 1504 0
2178 1504 5
172 1406 6
172 1425 9
172 1453 0
214 1406 4
214 1425 9
214 1453 1
318 1425 9
318 1453 1
318 1406 7
392 1406 7
392 1425 1
392 1453 7
987 1406 0
987 1425 0
986 1453 1
1029 1406 0
1029 1425 0
1029 1453 1
1535 1425 9
1535 1453 2
1535 1406 7
