171 52 6
171 67 3
171 86 8
201 53 5
201 67 2
201 86 8
231 53 4
231 67 2
231 86 8
261 53 4
261 67 2
261 86 8
291 52 8
291 67 3
291 87 7
321 52 8
321 67 3
321 87 7
351 53 7
350 67 3
351 87 7
380 52 6
380 67 3
381 87 7
410 52 0
410 67 3
411 87 7
440 52 0
440 67 3
441 87 7
470 53 9
470 67 2
471 87 7
500 52 8
500 67 2
501 87 7
530 52 8
530 67 2
531 87 7
561 53 7
560 67 2
561 87 7
591 53 7
590 67 2
591 87 7
620 52 6
620 67 2
621 87 7
650 53 5
650 67 2
651 87 7
680 53 4
680 67 2
681 87 7
710 53 4
710 67 2
711 87 7
740 53 3
740 67 2
741 87 7
770 53 2
770 67 2
770 87 7
800 53 2
800 67 2
800 87 7
830 52 1
830 67 2
830 87 7
860 52 0
860 67 2
860 87 7
890 53 9
890 66 1
890 87 7
920 66 8
920 86 6
920 53 7
950 52 6
950 66 8
950 86 6
980 66 8
980 86 6
980 53 5
1010 53 4
1010 66 8
1010 86 6
1040 53 4
1040 66 8
1040 86 6
1070 53 3
1070 66 8
1070 86 6
1100 66 8
1100 53 7
1100 87 5
1130 53 2
1130 67 5
1130 87 5
1206 53 9
1206 67 7
1206 87 3
1207 109 1
2048 52 0
2048 66 0
2048 86 0
2049 109 1
62 1504 0
148 1504 8
173 1504 5
259 1504 8
285 1504 0
370 1504 7
395 1504 5
481 1504 7
507 1504 0
592 1504 6
617 1504 5
703 1504 6
729 1504 0
814 1504 5
840 1504 5
925 1504 5
951 1504 0
1039 1504 4
1062 1504 5
1116 1504 0
1132 1504 0
1148 1504 4
1173 1504 0
1259 1504 3
1284 1504 5
1370 1504 3
1395 1504 0
1481 1504 2
1506 1504 5
1592 1504 2
1618 1504 0
1704 1505 1
1728 1504 5
1815 1505 1
1840 1504 0
1925 1504 0
1951 1504 5
2036 1504 0
2062 1504 0
2147 1504 0
2179 1504 5
225 1406 3
225 1425 0
225 1453 1
385 1406 4
385 1425 9
385 1453 0
428 1406 0
428 1425 1
428 1453 2
471 1406 8
471 1425 8
471 1453 0
514 1406 6
514 1425 9
514 1453 0
556 1406 4
556 1425 9
556 1453 1
740 1406 0
740 1425 0
739 1453 1
815 1406 0
815 1425 0
815 1453 1
1213 1406 3
1213 1425 9
1212 1453 2
